 1.00000000e+00 8.73859637e-02 8.46776440e+02
 2.00000000e+00 6.94079871e-02 6.45908482e+02
 3.00000000e+00 1.30932820e-01 7.03276226e+02
 4.00000000e+00 3.43227507e-02 8.00119016e+02
 5.00000000e+00 2.02409863e-01 9.59288673e+02
 6.00000000e+00 1.25502372e-01 7.67727957e+02
 7.00000000e+00 7.90011019e-02 6.30293678e+02
 8.00000000e+00 7.74494079e-02 6.02970619e+02
 9.00000000e+00 6.45126876e-02 6.42680027e+02
 1.00000000e+01 1.48070832e-01 7.81270514e+02
 1.10000000e+01 1.22222387e-01 7.52565442e+02
 1.20000000e+01 1.13085329e-01 7.21219612e+02
 1.30000000e+01 1.27630318e-01 6.33932368e+02
 1.40000000e+01 1.50684801e-01 7.35236585e+02
 1.50000000e+01 7.70909259e-02 7.15765528e+02
 1.60000000e+01 1.99760881e-01 7.58892098e+02
 1.70000000e+01 6.76513198e-02 7.02081666e+02
 1.80000000e+01 1.64861445e-01 8.25209488e+02
 1.90000000e+01 1.87718920e-01 7.93460505e+02
 2.00000000e+01 1.02765332e-01 7.29773864e+02
 2.10000000e+01 3.06346201e-03 6.96298788e+02
 2.20000000e+01 2.02882444e-01 7.26736856e+02
 2.30000000e+01 1.30595237e-01 6.75512400e+02
 2.40000000e+01 1.89980947e-01 6.57136062e+02
 2.50000000e+01 1.12211661e-01 7.96388832e+02
 2.60000000e+01 1.18442639e-01 7.05727137e+02
 2.70000000e+01 5.56123402e-02 6.93819507e+02
 2.80000000e+01 2.58603993e-02 7.38892263e+02
 2.90000000e+01 4.67802727e-02 7.09968983e+02
 3.00000000e+01 1.66628549e-01 6.28060653e+02
 3.10000000e+01 1.39589482e-01 6.63669819e+02
 3.20000000e+01 1.27509568e-01 6.68516711e+02
 3.30000000e+01 1.22441564e-01 7.45806781e+02
 3.40000000e+01 1.35792167e-01 6.15117860e+02
 3.50000000e+01 1.12475795e-01 6.59302510e+02
 3.60000000e+01 8.75309276e-02 7.57383777e+02
 3.70000000e+01 5.92279446e-02 7.14683503e+02
 3.80000000e+01 7.64759003e-03 7.14513480e+02
 3.90000000e+01 1.36323334e-01 7.60771860e+02
 4.00000000e+01 4.55675445e-02 6.38492456e+02
 4.10000000e+01 1.77335005e-01 7.45212457e+02
 4.20000000e+01 1.71246712e-01 6.28451878e+02
 4.30000000e+01 1.96681778e-01 6.93175704e+02
 4.40000000e+01 1.50356070e-01 6.42567932e+02
 4.50000000e+01 1.45252486e-01 6.95161113e+02
 4.60000000e+01 1.15739148e-01 6.82661370e+02
 4.70000000e+01 8.50820225e-02 7.22068962e+02
 4.80000000e+01 1.09486410e-01 6.03914847e+02
 4.90000000e+01 4.03957133e-02 6.60736620e+02
 5.00000000e+01 1.50020489e-01 7.35558286e+02
