9.999999999999831,6.823815364279803,44.13627000218902,-74.423,39.364
20.00000000000033,6.226191905955649,44.51587802166507,-74.423,39.364
30.00000000000189,5.627061579544578,44.88894101630845,-74.423,39.364
40.00000000000061,5.026358757307502,45.25557140017567,-74.423,39.364
49.99999999999862,4.424020186934221,45.61587721803665,-74.423,39.364
59.99999999999663,3.819984954683955,45.96996231229284,-74.423,39.364
69.99999999999891,3.214194453664156,46.31792648268084,-74.423,39.364
80.00000000000402,2.606592356938711,46.65986563914137,-74.423,39.364
90.00000000000914,1.997124595179721,46.99587194822013,-74.423,39.364
100.0000000000143,1.385739338590134,47.32603397333943,-74.423,39.364
110.0000000000194,0.7723869828363107,47.65043680927139,-74.423,39.364
120.0000000000245,0.1570201387429843,47.96916221112198,-74.423,39.364
130.0000000000267,-0.4604063744886857,48.28228871811937,-74.42300000000002,39.364
140.0000000000176,-1.079935532769715,48.58989177248433,-74.42300000000002,39.364
150.0000000000086,-1.701608107541513,48.89204383364812,-74.42299999999999,39.364
159.9999999999995,-2.325462663339997,49.18881448807174,-74.423,39.364
169.9999999999904,-2.951535552717307,49.48027055489412,-74.423,39.364
179.9999999999813,-3.579860908728461,49.76647618764618,-74.423,39.364
189.9999999999722,-4.210470635186089,50.04749297223423,-74.423,39.364
199.9999999999631,-4.843394394885812,50.32338002139981,-74.423,39.364
209.999999999954,-5.478659596000292,50.59419406584222,-74.27082880383404,39.70039103449762
219.9999999999449,-6.116291376840847,50.85998954218768,-74.11921257766815,40.03230351886724
229.9999999999358,-6.756312589183835,51.12081867797244,-73.96826786133067,40.35956441473735
239.9999999999267,-7.398743780358607,51.37673157380397,-73.81793948111127,40.68233226056332
249.9999999999176,-8.043603174295272,51.6277762828466,-73.6681739858997,41.00075843043859
259.9999999999085,-8.690906651728522,51.87399888778017,-73.51891952896165,41.31498755433136
269.9999999998994,-9.3406677297562,52.11544357536271,-73.37012575759412,41.62515790848369
279.9999999998903,-9.992897540952523,52.35215270872518,-73.22174370998032,41.93140177844528
289.9999999998813,-10.64760481223612,52.58416689751571,-73.07372571862578,42.23384579698301
299.9999999998722,-11.30479584369347,52.81152506600671,-72.92602531981844,42.53261125889232
309.9999999998631,-11.96447448755989,53.03426451926813,-72.77859716860546,42.82781441455779
319.999999999854,-12.626642127563,53.25242100750349,-72.63139695882785,43.11956674393331
329.9999999998449,-13.29129765883043,53.46602878864122,-72.48438134779073,43.40797521246758
339.9999999998358,-13.95843746856857,53.67512068926418,-72.33750788518958,43.69314251036464
349.9999999998267,-14.62805541771591,53.87972816395619,-72.19073494594205,43.97516727644448
359.9999999998176,-15.30014282377562,54.07988135313764,-72.04402166660783,44.25414430775966
369.9999999998085,-15.97468844503311,54.27560913945761,-71.89732788510223,44.5301647560258
379.9999999997994,-16.65167846636133,54.4669392028019,-71.75061408343747,44.80331631183183
389.9999999997903,-17.33109648681551,54.65389807397374,-71.60384133324372,45.07368337751784
399.9999999997812,-18.01292350921802,54.83651118709642,-71.45697124384489,45.34134722953023
409.9999999997721,-18.69713793192918,55.01480293078464,-71.30996591267781,45.60638617100189
419.999999999763,-19.38371554299986,55.18879669812294,-71.16278787786504,45.86887567524017
429.9999999997539,-20.07262951689392,55.35851493549061,-71.01540007276141,46.12888852075502
439.9999999997448,-20.76385041396471,55.52397919026089,-70.86776578230925,46.38649491840006
449.9999999997357,-21.4573461828677,55.68521015740162,-70.71984860104871,46.6417626311699
459.9999999997266,-22.15308216607743,55.84222772500355,-70.57161239264164,46.89475708713655
469.9999999997175,-22.85102110867744,55.99505101875256,-70.4230212507761,47.14554148598457
479.9999999997085,-23.55112317057579,56.14369844536005,-70.27403946132718,47.39417689956193
489.9999999996994,-24.25334594229574,56.28818773496674,-70.12463146565879,47.64072236683289
499.9999999996903,-24.95764446447826,56.4285359825247,-69.974761824957,47.88523498359395
509.9999999996812,-25.66397125122056,56.56475968816435,-69.82439518549535,48.12776998728056
519.9999999996721,-26.37227631736527,56.69687479654689,-69.67349624473343,48.36838083717441
529.999999999663,-27.08250720983964,56.82489673520356,-69.52202971815893,48.60711929029409
539.9999999996539,-27.79460904313406,56.94884045185621,-69.36996030679023,48.84403547323278
549.9999999996448,-28.50852453898674,57.06872045071485,-69.21725266525348,49.07917795018984
559.9999999996357,-29.22419407033662,57.1845508277431,-69.06387137036121,49.31259378741993
569.9999999996267,-29.94155570958225,57.2963453048829,-68.90978089011701,49.54432861431315
579.9999999996176,-30.66054528116787,57.4041172632253,-68.75494555307542,49.77442668130264
589.9999999996085,-31.38109641850737,57.50787977511592,-68.59932951799081,50.0029309147795
599.9999999995994,-32.10314062523076,57.60764563517981,-68.44289674368925,50.22988296918674
609.9999999995903,-32.82660734072363,57.70342739025197,-68.28561095910197,50.45532327644922
619.9999999995812,-33.55142400991182,57.79523736819331,-68.12743563339727,50.67929109288775
629.9999999995721,-34.2775161572217,57.88308770558122,-67.96833394615524,50.90182454375188
639.999999999563,-35.00480746463158,57.96699037425471,-67.8082687575246,51.12296066550095
649.9999999995539,-35.73321985370528,58.04695720669618,-67.64720257830864,51.34273544595185
659.9999999995448,-36.46267357148837,58.12299992023626,-67.48509753992342,51.56118386240164
669.9999999995357,-37.19308728011869,58.19513014006358,-67.32191536417272,51.77833991783292
679.9999999995266,-37.92437814999366,58.2633594210232,-67.15761733279064,51.99423667529329
689.9999999995175,-38.65646195631407,58.3276992681907,-66.99216425669418,52.20890629054016
699.9999999995084,-39.38925317880825,58.38816115620751,-66.82551644489713,52.42238004303541
709.9999999994993,-40.12266510442763,58.44475654736455,-66.65763367302925,52.63468836536585
719.9999999994902,-40.85660993277966,58.49749690842386,-66.48847515141215,52.8458608711625
729.9999999994811,-41.59099888406559,58.54639372616889,-66.31799949263596,53.05592638158575
739.999999999472,-42.32574230925875,58.5914585216755,-66.14616467858757,53.26491295043851
749.9999999994629,-43.06074980226414,58.63270286329836,-65.97292802687403,53.47284788796478
759.9999999994538,-43.79593031377419,58.67013837836965,-65.79824615658958,53.67975778339019
769.9999999994448,-44.5311922665404,58.70377676360724,-65.62207495337168,53.88566852624994
779.9999999994357,-45.26644367176045,58.73362979423666,-65.44436953368964,54.09060532655411
789.9999999994266,-46.00159224628236,58.75970933182569,-65.26508420831267,54.2945927338294
799.9999999994175,-46.73654553031847,58.78202733084083,-65.08417244489627,54.49765465507858
809.9999999994084,-47.4712110053576,58.8005958439334,-64.90189356557762,54.70009578788972
819.9999999993993,-48.20549621196823,58.81542702596432,-64.7185822645324,54.90229716365786
829.9999999993902,-48.93930886717837,58.8265331367837,-64.53414943782033,55.10425510585072
839.9999999993811,-49.67255698112373,58.83392654277772,-64.34850308768227,55.30596298467904
849.999999999372,-50.40514897265901,58.83761971720488,-64.16155034767347,55.50741314111048
859.9999999993629,-51.13699378362907,58.83762523933904,-63.97319742273464,55.70859690672278
869.9999999993538,-51.8680009915083,58.8339557924446,-63.78334952985355,55.90950462191136
879.9999999993447,-52.59808092011772,58.82662416060832,-63.59191083931654,56.11012565246979
889.9999999993356,-53.32714474814751,58.81564322445554,-63.39878441655653,56.31044840456113
899.9999999993265,-54.05510461521394,58.80102595577988,-63.20387216462817,56.51046033807754
909.9999999993174,-54.78187372519792,58.78278541111928,-63.00707476735278,56.71014797837896
919.9999999993083,-55.50736644662641,58.76093472431106,-62.80829163320222,56.90949692638603
929.9999999992992,-56.2314984098667,58.73548709806101,-62.60742084002027,57.10849186698371
939.9999999992901,-56.95418660092158,58.70645579456221,-62.40435908071859,57.30711657566426
949.999999999281,-57.67534945163402,58.67385412520433,-62.19900161013891,57.50535392330374
959.9999999992719,-58.39490692611995,58.63769543940833,-61.9912421933511,57.70318587890367
969.9999999992629,-59.11278060326688,58.59799311263026,-61.78097305577826,57.90059351003123
979.9999999992538,-59.82889375515708,58.55476053357297,-61.56808483573435,58.09755698049952
989.9999999992447,-60.54317142128937,58.50801109064698,-61.35246654027905,58.29405554440289
998.6949299987448,-61.16268215706219,58.46451482417129,-61.16268151601117,58.46451499446858
